0/0/0/0/0/0/0/0/0/0 4 0 3 3 0,Up,0/0/0/0/0/0/0/0/0/0 4 1 3 3 0
0/0/0/0/0/0/0/0/0/0 4 0 3 3 0,Up,0/0/0/0/0/0/0/0/0/0 4 1 3 3 0
0/0/0/0/0/0/0/0/0/0 4 0 3 3 0,Up,0/0/0/0/0/0/0/0/0/0 4 1 3 3 0
0/0/0/0/0/0/0/0/0/0 4 0 3 3 0,Up,0/0/0/0/0/0/0/0/0/0 4 1 3 3 0
0/0/0/0/0/0/0/0/0/0 4 1 3 5 0,Right,0/0/0/0/0/0/0/0/0/0 4 1 4 5 0
0/0/0/0/0/0/0/0/0/0 4 1 4 7 0,Right,0/0/0/0/0/0/0/0/0/0 4 1 5 7 0
0/0/0/0/0/0/0/0/0/0 4 1 5 9 0,Right,0/0/0/0/0/0/0/0/0/0 4 1 6 9 0
0/0/0/0/0/0/0/0/0/0 4 1 6 12 0,Down,0/0/0/0/0/0/0/0/0/0 4 1 6 13 0
0/0/0/0/0/0/0/0/0/0 4 1 6 14 0,Down,0/0/0/0/0/0/0/0/0/0 4 1 6 15 0
0/0/0/0/0/0/1/1/1/1 0 1 3 -2 0,Down,0/0/0/0/0/0/1/1/1/1 0 1 3 -1 0
20/20/20/20/20/20/20/20/20/20 7 4 10 20 0,Down,0/0/0/0/0/0/1/1/1/1 0 1 3 -1 0
0/0/0/0/0/0/0/0/0/0 3 0 1 17 0,Left,0/0/0/0/0/0/0/0/0/0 3 0 0 17 0
0/0/0/0/0/0/0/0/0/0 3 0 0 17 0,Left,0/0/0/0/0/0/0/0/0/0 3 0 0 17 0
0/0/0/0/0/0/0/0/0/0 3 0 0 17 0,Right,0/0/0/0/0/0/0/0/0/0 3 0 0 17 0
0/0/0/0/0/0/0/0/0/0 3 0 0 17 0,Down,0/0/0/0/0/0/0/0/0/0 3 0 0 17 0
0/0/0/0/0/0/0/0/0/0 4 0 3 3 0,Up,0/0/0/0/0/0/0/0/0/0 4 1 3 3 0
0/0/0/0/0/0/0/0/0/0 4 0 3 3 0,Up,0/0/0/0/0/0/0/0/0/0 4 1 3 3 0
0/0/0/0/0/0/0/0/0/0 4 0 3 3 0,Up,0/0/0/0/0/0/0/0/0/0 4 1 3 3 0
0/0/0/0/0/0/0/0/0/0 4 0 3 3 0,Up,0/0/0/0/0/0/0/0/0/0 4 1 3 3 0
0/0/0/0/0/0/0/0/0/0 4 0 3 -3 0,Up,0/0/0/0/0/0/0/0/0/0 4 1 3 3 0
0/0/0/0/0/0/0/0/0/0 4 0 3 -3 0,Up,0/0/0/0/0/0/0/0/0/0 4 1 3 3 0
0/0/0/0/0/0/0/0/0/0 4 0 3 -3 0,Up,0/0/0/0/0/0/0/0/0/0 4 1 3 3 0
0/0/0/0/0/0/0/0/0/0 4 0 3 -3 0,Up,0/0/0/0/0/0/0/0/0/0 4 1 3 3 00/0/0/0/0/0/0/0/0/0 6 0 3 1 0,Right,0/0/0/0/0/0/0/0/0/0 6 0 4 1 0
0/0/0/0/0/0/0/0/0/0 6 0 4 3 0,Right,0/0/0/0/0/0/0/0/0/0 6 0 5 3 0
0/0/0/0/0/0/0/0/0/0 6 0 5 5 0,Right,0/0/0/0/0/0/0/0/0/0 6 0 6 5 0
0/0/0/0/0/0/0/0/0/0 6 0 6 13 0,Space,0/0/0/0/0/0/0/0/0/0 6 0 6 17 0
0/0/0/0/0/0/0/1/2/1 5 0 3 0 0,Left,0/0/0/0/0/0/0/1/2/1 5 0 2 0 0
0/0/0/0/0/0/0/1/2/1 5 0 2 2 0,Left,0/0/0/0/0/0/0/1/2/1 5 0 1 2 0
0/0/0/0/0/0/0/1/2/1 5 0 1 4 0,Left,0/0/0/0/0/0/0/1/2/1 5 0 0 4 0
0/0/0/0/0/0/0/1/2/1 5 0 0 6 0,Left,0/0/0/0/0/0/0/1/2/1 5 0 -1 6 0
0/0/0/0/0/0/0/1/2/1 5 0 -1 11 0,Space,0/0/0/0/0/0/0/1/2/1 5 0 -1 16 0
2/2/0/0/0/0/0/1/2/1 2 2 3 0 0,Up,2/2/0/0/0/0/0/1/2/1 2 3 3 0 0
2/2/0/0/0/0/0/1/2/1 2 3 3 2 0,Up,2/2/0/0/0/0/0/1/2/1 2 0 3 2 0
2/2/0/0/0/0/0/1/2/1 2 0 3 4 0,Left,2/2/0/0/0/0/0/1/2/1 2 0 2 4 0
2/2/0/0/0/0/0/1/2/1 2 0 2 6 0,Left,2/2/0/0/0/0/0/1/2/1 2 0 1 6 0
2/2/0/0/0/0/0/1/2/1 2 0 1 11 0,Space,2/2/0/0/0/0/0/1/2/1 2 0 1 17 0
2/2/2/1/1/0/0/1/2/1 0 0 3 7 0,Right,2/2/2/1/1/0/0/1/2/1 0 0 4 7 0
2/2/2/1/1/0/0/1/2/1 0 0 4 16 0,Space,2/2/2/1/1/0/0/1/2/1 0 0 4 16 0
1/1/1/0/0/0/1/1/1/0 0 1 3 1 1,Left,1/1/1/0/0/0/1/1/1/0 0 1 2 1 1
1/1/1/0/0/0/1/1/1/0 0 1 2 3 1,Up,1/1/1/0/0/0/1/1/1/0 0 0 2 3 1
1/1/1/0/0/0/1/1/1/0 0 0 2 3 1,Left,1/1/1/0/0/0/1/1/1/0 0 0 1 3 1
1/1/1/0/0/0/1/1/1/0 0 0 1 9 1,Right,1/1/1/0/0/0/1/1/1/0 0 0 2 9 1
1/1/1/0/0/0/1/1/1/0 0 0 2 16 1,Right,1/1/1/0/0/0/1/1/1/0 0 0 3 16 1
1/1/1/0/1/2/2/1/1/0 4 0 3 4 1,Right,1/1/1/0/1/2/2/1/1/0 4 0 4 4 1
1/1/1/0/1/2/2/1/1/0 4 0 4 6 1,Right,1/1/1/0/1/2/2/1/1/0 4 0 5 6 1
1/1/1/0/1/2/2/1/1/0 4 0 5 8 1,Right,1/1/1/0/1/2/2/1/1/0 4 0 6 8 1
1/1/1/0/1/2/2/1/1/0 4 0 6 10 1,Right,1/1/1/0/1/2/2/1/1/0 4 0 7 10 1
1/1/1/0/1/2/2/1/1/0 4 0 7 14 1,Space,1/1/1/0/1/2/2/1/1/0 4 0 7 16 1
1/1/1/0/1/2/2/1/1/4 1 1 3 0 1,Up,1/1/1/0/1/2/2/1/1/4 1 0 3 0 1
1/1/1/0/1/2/2/1/1/4 1 0 3 2 1,Right,1/1/1/0/1/2/2/1/1/4 1 0 4 2 1
1/1/1/0/1/2/2/1/1/4 1 0 4 4 1,Right,1/1/1/0/1/2/2/1/1/4 1 0 5 4 1
1/1/1/0/1/2/2/1/1/4 1 0 5 8 1,Space,1/1/1/0/1/2/2/1/1/4 1 0 5 15 1
1/1/1/0/1/2/3/3/2/4 5 0 3 2 1,Right,1/1/1/0/1/2/3/3/2/4 5 0 4 2 1
1/1/1/0/1/2/3/3/2/4 5 0 4 4 1,Left,1/1/1/0/1/2/3/3/2/4 5 0 3 4 1
1/1/1/0/1/2/3/3/2/4 5 0 3 6 1,Left,1/1/1/0/1/2/3/3/2/4 5 0 2 6 1
1/1/1/0/1/2/3/3/2/4 5 0 2 8 1,Left,1/1/1/0/1/2/3/3/2/4 5 0 1 8 1
1/1/1/0/1/2/3/3/2/4 5 0 1 10 1,Left,1/1/1/0/1/2/3/3/2/4 5 0 0 10 1
1/1/1/0/1/2/3/3/2/4 5 0 0 12 1,Left,1/1/1/0/1/2/3/3/2/4 5 0 -1 12 1
3/3/1/0/1/2/3/3/2/4 6 1 3 -2 1,Left,3/3/1/0/1/2/3/3/2/4 6 1 2 -2 1
3/3/1/0/1/2/3/3/2/4 6 1 2 3 1,Up,3/3/1/0/1/2/3/3/2/4 6 2 2 3 1
3/3/1/0/1/2/3/3/2/4 6 2 2 5 1,Left,3/3/1/0/1/2/3/3/2/4 6 2 1 5 1
3/3/1/0/1/2/3/3/2/4 6 2 1 10 1,Space,3/3/1/0/1/2/3/3/2/4 6 2 1 16 1
1/1/0/0/0/0/1/1/0/2 4 1 3 1 3,Left,1/1/0/0/0/0/1/1/0/2 4 1 2 1 3
1/1/0/0/0/0/1/1/0/2 4 1 2 9 3,Space,1/1/0/0/0/0/1/1/0/2 4 1 2 17 3
1/1/1/1/1/1/1/1/0/2 6 1 3 4 3,Right,1/1/1/1/1/1/1/1/0/2 6 1 4 4 3
1/1/1/1/1/1/1/1/0/2 6 1 4 5 3,Up,1/1/1/1/1/1/1/1/0/2 6 2 4 5 3
1/1/1/1/1/1/1/1/0/2 6 2 4 7 3,Right,1/1/1/1/1/1/1/1/0/2 6 2 5 7 3
1/1/1/1/1/1/1/1/0/2 6 2 5 10 3,Right,1/1/1/1/1/1/1/1/0/2 6 2 6 10 3
1/1/1/1/1/1/1/1/0/2 6 2 6 12 3,Up,1/1/1/1/1/1/1/1/0/2 6 3 6 12 3
0/0/0/0/0/0/0/1/2/1 6 0 3 -1 4,Space,0/0/0/0/0/0/0/1/2/1 6 0 3 17 4
0/0/0/0/1/2/1/1/2/1 0 1 3 5 4,Right,0/0/0/0/1/2/1/1/2/1 0 1 4 5 4
0/0/0/0/1/2/1/1/2/1 0 1 4 7 4,Up,0/0/0/0/1/2/1/1/2/1 0 0 4 7 4
0/0/0/0/1/2/1/1/2/1 0 0 4 11 4,Right,0/0/0/0/1/2/1/1/2/1 0 0 5 11 4
0/0/0/0/1/2/2/3/3/1 3 3 3 1 4,Right,0/0/0/0/1/2/2/3/3/1 3 3 4 1 4
0/0/0/0/1/2/2/3/3/1 3 3 4 3 4,Right,0/0/0/0/1/2/2/3/3/1 3 3 5 3 4
0/0/0/0/1/2/2/3/3/1 3 3 5 4 4,Right,0/0/0/0/1/2/2/3/3/1 3 3 6 4 4
0/0/0/0/1/2/2/3/3/1 3 3 6 6 4,Right,0/0/0/0/1/2/2/3/3/1 3 3 7 6 4
0/0/0/0/1/2/2/3/3/1 3 3 7 10 4,Space,0/0/0/0/1/2/2/3/3/1 3 3 7 15 4
0/0/0/0/1/2/2/3/4/4 1 1 3 2 4,Right,0/0/0/0/1/2/2/3/4/4 1 1 4 2 4
0/0/0/0/1/2/2/3/4/4 1 1 4 4 4,Right,0/0/0/0/1/2/2/3/4/4 1 1 5 4 4
0/0/0/0/1/2/2/3/4/4 1 1 5 7 4,Right,0/0/0/0/1/2/2/3/4/4 1 1 6 7 4
0/0/0/0/1/2/2/3/4/4 1 1 6 12 4,Space,0/0/0/0/1/2/2/3/4/4 1 1 6 13 4
0/0/0/0/1/2/2/5/6/4 1 0 3 6 4,Left,0/0/0/0/1/2/2/5/6/4 1 0 2 6 4
0/0/0/0/1/2/2/5/6/4 1 0 2 9 4,Up,0/0/0/0/1/2/2/5/6/4 1 1 2 9 4
0/0/0/0/1/2/2/5/6/4 1 1 2 12 4,Left,0/0/0/0/1/2/2/5/6/4 1 1 1 12 4
0/0/0/0/1/2/2/5/6/4 1 1 1 15 4,Right,0/0/0/0/1/2/2/5/6/4 1 1 2 15 4
0/0/0/2/3/2/2/5/6/4 2 2 3 2 4,Left,0/0/0/2/3/2/2/5/6/4 2 2 2 2 4
0/0/0/2/3/2/2/5/6/4 2 2 2 4 4,Up,0/0/0/2/3/2/2/5/6/4 2 3 2 4 4
0/0/0/2/3/2/2/5/6/4 2 3 2 4 4,Left,0/0/0/2/3/2/2/5/6/4 2 3 1 4 4
0/0/0/2/3/2/2/5/6/4 2 3 1 6 4,Up,0/0/0/2/3/2/2/5/6/4 2 0 1 6 4
0/0/0/2/3/2/2/5/6/4 2 0 1 9 4,Up,0/0/0/2/3/2/2/5/6/4 2 1 1 9 4
0/0/0/2/3/2/2/5/6/4 2 1 1 10 4,Left,0/0/0/2/3/2/2/5/6/4 2 1 0 10 4
0/0/0/2/3/2/2/5/6/4 2 1 0 12 4,Left,0/0/0/2/3/2/2/5/6/4 2 1 -1 12 4
0/0/0/2/3/2/2/5/6/4 2 1 -1 14 4,Left,0/0/0/2/3/2/2/5/6/4 2 1 -2 14 4
3/3/0/2/3/2/2/5/6/4 1 1 3 -2 4,Left,3/3/0/2/3/2/2/5/6/4 1 1 2 -2 4
3/3/0/2/3/2/2/5/6/4 1 1 2 3 4,Left,3/3/0/2/3/2/2/5/6/4 1 1 1 3 4
3/3/0/2/3/2/2/5/6/4 1 1 1 9 4,Space,3/3/0/2/3/2/2/5/6/4 1 1 1 15 4
3/3/3/4/3/2/2/5/6/4 6 1 3 5 4,Up,3/3/3/4/3/2/2/5/6/4 6 2 3 5 4
3/3/3/4/3/2/2/5/6/4 6 2 3 7 4,Up,3/3/3/4/3/2/2/5/6/4 6 3 3 7 4
3/3/3/4/4/5/2/5/6/4 6 3 3 1 4,Right,3/3/3/4/4/5/2/5/6/4 6 3 4 1 4
3/3/3/4/4/5/2/5/6/4 6 3 4 4 4,Right,3/3/3/4/4/5/2/5/6/4 6 3 5 4 4
3/3/3/4/4/5/2/5/6/4 6 3 5 5 4,Up,3/3/3/4/4/5/2/5/6/4 6 0 5 5 4
3/3/3/4/4/5/2/5/6/4 6 0 5 8 4,Up,3/3/3/4/4/5/2/5/6/4 6 1 5 8 4
3/3/3/4/4/5/2/5/6/4 6 1 5 10 4,Right,3/3/3/4/4/5/2/5/6/4 6 1 6 10 4
3/3/3/4/4/5/2/5/9/8 4 1 3 4 4,Right,3/3/3/4/4/5/2/5/9/8 4 1 4 4 4
3/3/3/4/4/5/2/5/9/8 4 1 4 6 4,Up,3/3/3/4/4/5/2/5/9/8 4 0 4 6 4
3/3/3/4/4/5/2/5/9/8 4 0 4 12 4,Space,3/3/3/4/4/5/2/5/9/8 4 0 4 14 4
2/0/2/3/3/4/5/4/8/7 3 2 3 0 5,Left,2/0/2/3/3/4/5/4/8/7 3 2 2 0 5
2/0/2/3/3/4/5/4/8/7 3 2 2 2 5,Left,2/0/2/3/3/4/5/4/8/7 3 2 1 2 5
2/0/2/3/3/4/5/4/8/7 3 2 1 4 5,Left,2/0/2/3/3/4/5/4/8/7 3 2 0 4 5
2/0/2/3/3/4/5/4/8/7 3 2 0 5 5,Up,2/0/2/3/3/4/5/4/8/7 3 3 0 5 5
2/0/2/3/3/4/5/4/8/7 3 3 0 8 5,Left,2/0/2/3/3/4/5/4/8/7 3 3 -1 8 5
2/0/2/3/3/4/5/4/8/7 3 3 -1 12 5,Space,2/0/2/3/3/4/5/4/8/7 3 3 -1 16 5
2/2/0/2/2/3/4/3/7/6 0 0 3 1 6,Left,2/2/0/2/2/3/4/3/7/6 0 0 2 1 6
2/2/0/2/2/3/4/3/7/6 0 0 2 3 6,Left,2/2/0/2/2/3/4/3/7/6 0 0 1 3 6
2/2/0/2/2/3/4/3/7/6 0 0 1 5 6,Left,2/2/0/2/2/3/4/3/7/6 0 0 0 5 6
2/2/0/2/2/3/4/3/7/6 0 0 0 7 6,Right,2/2/0/2/2/3/4/3/7/6 0 0 1 7 6
2/2/0/2/2/3/4/3/7/6 0 0 1 12 6,Right,2/2/0/2/2/3/4/3/7/6 0 0 2 12 6
2/2/0/3/4/4/4/3/7/6 4 1 3 0 6,Left,2/2/0/3/4/4/4/3/7/6 4 1 2 0 6
2/2/0/3/4/4/4/3/7/6 4 1 2 2 6,Left,2/2/0/3/4/4/4/3/7/6 4 1 1 2 6
2/2/0/3/4/4/4/3/7/6 4 1 1 3 6,Up,2/2/0/3/4/4/4/3/7/6 4 0 1 3 6
2/2/0/3/4/4/4/3/7/6 4 0 1 7 6,Space,2/2/0/3/4/4/4/3/7/6 4 0 1 13 6
2/2/0/7/4/4/4/3/7/6 3 1 3 2 6,Left,2/2/0/7/4/4/4/3/7/6 3 1 2 2 6
2/2/0/7/4/4/4/3/7/6 3 1 2 4 6,Left,2/2/0/7/4/4/4/3/7/6 3 1 1 4 6
2/2/0/7/4/4/4/3/7/6 3 1 1 6 6,Left,2/2/0/7/4/4/4/3/7/6 3 1 0 6 6
2/2/0/7/4/4/4/3/7/6 3 1 0 8 6,Left,2/2/0/7/4/4/4/3/7/6 3 1 -1 8 6
2/2/0/7/4/4/4/3/7/6 3 1 -1 9 6,Up,2/2/0/7/4/4/4/3/7/6 3 2 -1 9 6
4/4/4/7/4/4/4/3/7/6 5 0 3 3 6,Right,4/4/4/7/4/4/4/3/7/6 5 0 4 3 6
4/4/4/7/4/4/4/3/7/6 5 0 4 6 6,Left,4/4/4/7/4/4/4/3/7/6 5 0 3 6 6
4/4/4/7/6/6/4/3/7/6 2 1 3 -1 6,Up,4/4/4/7/6/6/4/3/7/6 2 2 3 -1 6
4/4/4/7/6/6/4/3/7/6 2 2 3 3 6,Right,4/4/4/7/6/6/4/3/7/6 2 2 4 3 6
4/4/4/7/6/7/7/7/7/6 2 1 3 -1 6,Left,4/4/4/7/6/7/7/7/7/6 2 1 2 -1 6
4/4/4/7/6/7/7/7/7/6 2 1 2 1 6,Left,4/4/4/7/6/7/7/7/7/6 2 1 1 1 6
4/4/4/7/6/7/7/7/7/6 2 1 1 3 6,Left,4/4/4/7/6/7/7/7/7/6 2 1 0 3 6
4/4/4/7/6/7/7/7/7/6 2 1 0 5 6,Left,4/4/4/7/6/7/7/7/7/6 2 1 -1 5 6
4/4/4/7/6/7/7/7/7/6 2 1 -1 5 6,Up,4/4/4/7/6/7/7/7/7/6 2 2 -1 5 6
4/4/4/7/6/7/7/7/7/6 2 2 -1 7 6,Up,4/4/4/7/6/7/7/7/7/6 2 3 -1 7 6
4/4/4/7/6/7/7/7/7/6 2 3 -1 9 6,Up,4/4/4/7/6/7/7/7/7/6 2 0 -1 9 6
6/5/5/7/6/7/7/7/7/6 0 0 3 -2 6,Space,6/5/5/7/6/7/7/7/7/6 0 0 3 9 6
6/5/5/7/8/9/9/7/7/6 6 3 3 -2 6,Left,6/5/5/7/8/9/9/7/7/6 6 3 2 -2 6
6/5/5/7/8/9/9/7/7/6 6 3 2 0 6,Left,6/5/5/7/8/9/9/7/7/6 6 3 1 0 6
6/5/5/7/8/9/9/7/7/6 6 3 1 2 6,Left,6/5/5/7/8/9/9/7/7/6 6 3 0 2 6
6/5/5/7/8/9/9/7/7/6 6 3 0 4 6,Left,6/5/5/7/8/9/9/7/7/6 6 3 -1 4 6
7/8/5/7/8/9/9/7/7/6 4 0 3 -2 6,Space,7/8/5/7/8/9/9/7/7/6 4 0 3 7 6
7/8/5/7/8/13/9/7/7/6 1 0 3 -2 6,Left,7/8/5/7/8/13/9/7/7/6 1 0 2 -2 6
7/8/5/7/8/13/9/7/7/6 1 0 2 0 6,Left,7/8/5/7/8/13/9/7/7/6 1 0 1 0 6
7/8/5/7/8/13/9/7/7/6 1 0 1 2 6,Left,7/8/5/7/8/13/9/7/7/6 1 0 0 2 6
7/8/5/7/8/13/9/7/7/6 1 0 0 4 6,Left,7/8/5/7/8/13/9/7/7/6 1 0 -1 4 6
7/8/5/7/8/13/9/7/7/6 1 0 -1 7 6,Right,7/8/5/7/8/13/9/7/7/6 1 0 0 7 6
7/8/5/7/8/13/9/7/7/6 1 0 0 8 6,Up,7/8/5/7/8/13/9/7/7/6 1 1 0 8 6
7/10/11/7/8/13/9/7/7/6 1 0 3 3 6,Left,7/10/11/7/8/13/9/7/7/6 1 0 2 3 6
7/10/11/15/15/14/9/7/7/6 6 1 3 0 6,Space,7/10/11/15/15/14/9/7/7/6 6 1 3 2 6
7/10/11/15/15/17/16/7/7/6 6 0 3 -1 6,Space,7/10/11/15/15/17/16/7/7/6 6 0 3 0 6
7/10/11/15/18/19/18/7/7/6 2 0 3 -2 6,Right,7/10/11/15/18/19/18/7/7/6 2 0 4 -2 6
0/0/0/0/0/0/0/0/0/0 6 1 3 -2 0,Space,0/0/0/0/0/0/0/0/0/0 6 1 3 16 0
0/0/0/0/0/3/2/0/0/0 6 2 3 -2 0,Space,0/0/0/0/0/3/2/0/0/0 6 2 3 13 0
0/0/0/0/5/5/5/0/0/0 4 0 3 -1 0,Space,0/0/0/0/5/5/5/0/0/0 4 0 3 11 0
0/0/0/0/5/9/5/0/0/0 0 0 3 -1 0,Right,0/0/0/0/5/9/5/0/0/0 0 0 4 -1 0
0/0/0/0/5/9/5/0/0/0 0 0 4 0 0,Space,0/0/0/0/5/9/5/0/0/0 0 0 4 7 0
0/0/0/0/5/10/11/11/0/0 5 0 3 -2 0,Right,0/0/0/0/5/10/11/11/0/0 5 0 4 -2 0
0/0/0/0/5/10/11/11/0/0 5 0 4 -1 0,Space,0/0/0/0/5/10/11/11/0/0 5 0 4 5 0
0/0/0/0/5/13/13/11/0/0 1 1 3 0 0,Right,0/0/0/0/5/13/13/11/0/0 1 1 4 0 0
0/0/0/0/5/13/13/11/0/0 1 1 4 2 0,Left,0/0/0/0/5/13/13/11/0/0 1 1 3 2 0
0/0/0/0/5/13/13/11/0/0 1 1 3 4 0,Left,0/0/0/0/5/13/13/11/0/0 1 1 2 4 0
0/0/0/0/5/13/13/11/0/0 1 1 2 6 0,Left,0/0/0/0/5/13/13/11/0/0 1 1 1 6 0
0/0/0/0/5/13/13/11/0/0 1 1 1 6 0,Left,0/0/0/0/5/13/13/11/0/0 1 1 0 6 0
0/0/0/0/5/13/13/11/0/0 1 1 0 8 0,Left,0/0/0/0/5/13/13/11/0/0 1 1 -1 8 0
0/0/0/0/5/13/13/11/0/0 1 1 -1 10 0,Right,0/0/0/0/5/13/13/11/0/0 1 1 0 10 0
0/0/0/0/5/13/13/11/0/0 1 1 0 12 0,Down,0/0/0/0/5/13/13/11/0/0 1 1 0 13 0
0/0/0/0/5/13/13/11/0/0 1 1 0 14 0,Right,0/0/0/0/5/13/13/11/0/0 1 1 1 14 0
0/0/0/0/5/13/13/11/0/0 1 1 1 15 0,Left,0/0/0/0/5/13/13/11/0/0 1 1 0 15 0
0/0/0/0/5/13/13/11/0/0 1 1 0 15 0,Down,0/0/0/0/5/13/13/11/0/0 1 1 0 16 0
0/2/3/0/5/13/13/11/0/0 3 0 3 -2 0,Right,0/2/3/0/5/13/13/11/0/0 3 0 4 -2 0
0/2/3/0/5/13/13/11/0/0 3 0 4 -1 0,Left,0/2/3/0/5/13/13/11/0/0 3 0 3 -1 0
0/2/3/0/5/13/13/11/0/0 3 0 3 -1 0,Down,0/2/3/0/5/13/13/11/0/0 3 0 3 0 0
0/2/3/0/5/13/13/11/0/0 3 0 3 2 0,Left,0/2/3/0/5/13/13/11/0/0 3 0 2 2 0
0/2/3/0/5/13/13/11/0/0 3 0 2 4 0,Left,0/2/3/0/5/13/13/11/0/0 3 0 1 4 0
0/2/3/0/5/13/13/11/0/0 3 0 1 6 0,Left,0/2/3/0/5/13/13/11/0/0 3 0 0 6 0
0/2/3/0/5/13/13/11/0/0 3 0 0 8 0,Left,0/2/3/0/5/13/13/11/0/0 3 0 -1 8 0
4/4/5/0/5/13/13/11/0/0 2 1 3 -2 0,Right,4/4/5/0/5/13/13/11/0/0 2 1 4 -2 0
4/4/5/0/5/13/13/11/0/0 2 1 4 0 0,Right,4/4/5/0/5/13/13/11/0/0 2 1 5 0 0
4/4/5/0/5/13/13/11/0/0 2 1 5 2 0,Right,4/4/5/0/5/13/13/11/0/0 2 1 6 2 0
4/4/5/0/5/13/13/11/0/0 2 1 6 6 0,Down,4/4/5/0/5/13/13/11/0/0 2 1 6 7 0
4/4/5/0/5/13/13/11/0/0 2 1 6 11 0,Up,4/4/5/0/5/13/13/11/0/0 2 2 6 11 0
4/4/5/0/5/13/13/11/0/0 2 2 6 14 0,Up,4/4/5/0/5/13/13/11/0/0 2 3 6 14 0
4/4/5/0/5/13/13/11/0/0 2 3 6 16 0,Right,4/4/5/0/5/13/13/11/0/0 2 3 7 16 0
4/4/5/0/5/13/13/11/1/3 4 0 3 -2 0,Up,4/4/5/0/5/13/13/11/1/3 4 1 3 -2 0
4/4/5/0/5/13/13/11/1/3 4 1 3 -1 0,Right,4/4/5/0/5/13/13/11/1/3 4 1 4 -1 0
4/4/5/0/5/13/13/11/1/3 4 1 4 1 0,Up,4/4/5/0/5/13/13/11/1/3 4 0 4 1 0
4/4/5/0/5/13/13/11/1/3 4 0 4 2 0,Right,4/4/5/0/5/13/13/11/1/3 4 0 5 2 0
4/4/5/0/5/13/13/11/1/3 4 0 5 4 0,Up,4/4/5/0/5/13/13/11/1/3 4 1 5 4 0
4/4/5/0/5/14/14/14/14/3 0 1 3 -2 0,Right,4/4/5/0/5/14/14/14/14/3 0 1 4 -2 0
4/4/5/0/5/14/14/14/14/3 0 1 4 -1 0,Right,4/4/5/0/5/14/14/14/14/3 0 1 5 -1 0
4/4/5/0/5/14/14/14/14/3 0 1 5 0 0,Up,4/4/5/0/5/14/14/14/14/3 0 0 5 0 0
4/4/5/0/5/14/14/14/14/3 0 0 5 1 0,Right,4/4/5/0/5/14/14/14/14/3 0 0 6 1 0
4/4/5/0/5/14/14/14/14/3 0 0 6 2 0,Up,4/4/5/0/5/14/14/14/14/3 0 1 6 2 0
4/4/5/0/5/14/14/14/16/15 3 3 3 -1 0,Up,4/4/5/0/5/14/14/14/16/15 3 0 3 -1 0
4/4/5/0/5/14/14/14/16/15 3 0 3 1 0,Left,4/4/5/0/5/14/14/14/16/15 3 0 2 1 0
4/4/5/0/5/14/14/14/16/15 3 0 2 3 0,Left,4/4/5/0/5/14/14/14/16/15 3 0 1 3 0
4/4/5/0/5/14/14/14/16/15 3 0 1 5 0,Left,4/4/5/0/5/14/14/14/16/15 3 0 0 5 0
4/4/5/0/5/14/14/14/16/15 3 0 0 7 0,Left,4/4/5/0/5/14/14/14/16/15 3 0 -1 7 0
4/4/5/0/5/14/14/14/16/15 3 0 -1 8 0,Up,4/4/5/0/5/14/14/14/16/15 3 1 -1 8 0
4/4/5/0/5/14/14/14/16/15 3 1 -1 9 0,Right,4/4/5/0/5/14/14/14/16/15 3 1 0 9 0
4/4/5/0/5/14/14/14/16/15 3 1 0 11 0,Left,4/4/5/0/5/14/14/14/16/15 3 1 -1 11 0
4/4/5/0/5/14/14/14/16/15 3 1 -1 11 0,Up,4/4/5/0/5/14/14/14/16/15 3 2 -1 11 0
6/6/6/0/5/14/14/14/16/15 6 3 3 -2 0,Up,6/6/6/0/5/14/14/14/16/15 6 0 3 -2 0
6/6/6/0/5/14/14/14/16/15 6 0 3 1 0,Up,6/6/6/0/5/14/14/14/16/15 6 1 3 1 0
6/6/6/0/5/14/14/14/16/15 6 1 3 2 0,Left,6/6/6/0/5/14/14/14/16/15 6 1 2 2 0
6/6/6/0/16/15/14/14/16/15 3 2 3 -2 0,Up,6/6/6/0/16/15/14/14/16/15 3 3 3 -2 0
6/6/6/0/16/15/14/14/16/15 3 3 3 -1 0,Right,6/6/6/0/16/15/14/14/16/15 3 3 4 -1 0
6/6/6/0/16/15/14/14/16/15 3 3 4 0 0,Left,6/6/6/0/16/15/14/14/16/15 3 3 3 0 0
6/6/6/0/16/15/14/14/16/15 3 3 3 1 0,Down,6/6/6/0/16/15/14/14/16/15 3 3 3 1 0
6/6/6/0/16/15/14/14/16/15 3 3 3 1 0,Right,6/6/6/0/16/15/14/14/16/15 3 3 4 1 0
6/6/6/0/16/15/14/14/16/15 3 3 4 2 0,Down,6/6/6/0/16/15/14/14/16/15 3 3 4 2 0
